{
  "accessors": [
    {
      "bufferView": 3,
      "componentType": 5126,
      "count": 814,
      "max": [
        1.2500200271606445,
        0.5354899764060974,
        0.6070899963378906
      ],
      "min": [
        -1.2500200271606445,
        -0.5354899764060974,
        0.0
      ],
      "type": "VEC3"
    },
    {
      "bufferView": 3,
      "byteOffset": 9768,
      "componentType": 5126,
      "count": 814,
      "max": [
        1.0,
        1.0,
        1.0
      ],
      "min": [
        -1.0,
        -1.0,
        -1.0
      ],
      "type": "VEC3"
    },
    {
      "bufferView": 2,
      "componentType": 5126,
      "count": 814,
      "max": [
        0.9931600093841553,
        0.9892699718475342
      ],
      "min": [
        0.010280000045895576,
        0.01549999974668026
      ],
      "type": "VEC2"
    },
    {
      "bufferView": 1,
      "componentType": 5125,
      "count": 1560,
      "type": "SCALAR"
    },
    {
      "bufferView": 5,
      "componentType": 5126,
      "count": 9,
      "max": [
        1.0,
        0.0,
        0.0,
        0.0,
        0.0,
        1.0,
        0.0,
        0.0,
        0.0,
        1.0,
        1.0,
        0.0,
        0.24382999539375305,
        0.0010000000474974513,
        0.5,
        1.0
      ],
      "min": [
        1.0,
        0.0,
        0.0,
        0.0,
        0.0,
        -0.0,
        -1.0,
        0.0,
        0.0,
        0.0,
        -0.0,
        0.0,
        0.0,
        -1.2489999532699585,
        -0.5,
        1.0
      ],
      "type": "MAT4"
    },
    {
      "bufferView": 0,
      "componentType": 5123,
      "count": 814,
      "type": "VEC4"
    },
    {
      "bufferView": 4,
      "componentType": 5126,
      "count": 814,
      "max": [
        1.0,
        0.0,
        0.0,
        0.0
      ],
      "min": [
        1.0,
        0.0,
        0.0,
        0.0
      ],
      "type": "VEC4"
    }
  ],
  "asset": {
    "extras": {
      "author": "pityblithe (https://sketchfab.com/pityblithe)",
      "license": "CC-BY-4.0 (http://creativecommons.org/licenses/by/4.0/)",
      "source": "https://sketchfab.com/3d-models/coffin-e5750f903f664fc6ab5d9937af1990ed",
      "title": "Coffin"
    },
    "generator": "Sketchfab-12.68.0",
    "version": "2.0"
  },
  "bufferViews": [
    {
      "buffer": 0,
      "byteLength": 6512,
      "byteStride": 8,
      "name": "shortBufferViews",
      "target": 34962
    },
    {
      "buffer": 0,
      "byteLength": 6240,
      "byteOffset": 6512,
      "name": "floatBufferViews",
      "target": 34963
    },
    {
      "buffer": 0,
      "byteLength": 6512,
      "byteOffset": 12752,
      "byteStride": 8,
      "name": "floatBufferViews",
      "target": 34962
    },
    {
      "buffer": 0,
      "byteLength": 19536,
      "byteOffset": 19264,
      "byteStride": 12,
      "name": "floatBufferViews",
      "target": 34962
    },
    {
      "buffer": 0,
      "byteLength": 13024,
      "byteOffset": 38800,
      "byteStride": 16,
      "name": "floatBufferViews",
      "target": 34962
    },
    {
      "buffer": 0,
      "byteLength": 576,
      "byteOffset": 51824,
      "name": "floatBufferViews"
    }
  ],
  "buffers": [
    {
      "byteLength": 52400,
      "uri": "scene.bin"
    }
  ],
  "images": [
    {
      "uri": "textures/DIFFUSE_baseColor.png"
    }
  ],
  "materials": [
    {
      "doubleSided": true,
      "name": "DIFFUSE",
      "pbrMetallicRoughness": {
        "baseColorTexture": {
          "index": 0
        },
        "metallicFactor": 0.0,
        "roughnessFactor": 0.6
      }
    }
  ],
  "meshes": [
    {
      "name": "s4studio_mesh_0",
      "primitives": [
        {
          "attributes": {
            "JOINTS_0": 5,
            "NORMAL": 1,
            "POSITION": 0,
            "TEXCOORD_0": 2,
            "WEIGHTS_0": 6
          },
          "indices": 3,
          "material": 0,
          "mode": 4
        }
      ]
    }
  ],
  "nodes": [
    {
      "children": [
        1
      ],
      "matrix": [
        1.0,
        0.0,
        0.0,
        0.0,
        0.0,
        2.220446049250313e-16,
        -1.0,
        0.0,
        0.0,
        1.0,
        2.220446049250313e-16,
        0.0,
        0.0,
        0.0,
        0.0,
        1.0
      ],
      "name": "Sketchfab_model"
    },
    {
      "children": [
        2,
        4,
        6,
        8,
        10
      ],
      "name": "Root"
    },
    {
      "children": [
        3
      ],
      "matrix": [
        -0.29086000000000006,
        0.9551700000000001,
        -0.05519000000000001,
        0.0,
        -0.7711,
        -0.19988000000000003,
        0.6045200000000001,
        0.0,
        0.5663900000000001,
        0.21839000000000003,
        0.7946700000000001,
        0.0,
        3.0,
        0.0,
        4.0,
        1.0
      ],
      "name": "Lamp.004"
    },
    {
      "name": "Lamp.004"
    },
    {
      "children": [
        5
      ],
      "matrix": [
        -0.29086000000000006,
        0.9551700000000001,
        -0.05519000000000001,
        0.0,
        -0.7711,
        -0.19988000000000003,
        0.6045200000000001,
        0.0,
        0.5663900000000001,
        0.21839000000000003,
        0.7946700000000001,
        0.0,
        -3.0,
        0.0,
        4.0,
        1.0
      ],
      "name": "Lamp.001"
    },
    {
      "name": "Lamp.001"
    },
    {
      "children": [
        7
      ],
      "matrix": [
        -0.29086000000000006,
        0.9551700000000001,
        -0.05519000000000001,
        0.0,
        -0.7711,
        -0.19988000000000003,
        0.6045200000000001,
        0.0,
        0.5663900000000001,
        0.21839000000000003,
        0.7946700000000001,
        0.0,
        0.0,
        3.0,
        4.0,
        1.0
      ],
      "name": "Lamp.002"
    },
    {
      "name": "Lamp.002"
    },
    {
      "children": [
        9
      ],
      "matrix": [
        -0.29086000000000006,
        0.9551700000000001,
        -0.05519000000000001,
        0.0,
        -0.7711,
        -0.19988000000000003,
        0.6045200000000001,
        0.0,
        0.5663900000000001,
        0.21839000000000003,
        0.7946700000000001,
        0.0,
        0.0,
        -3.0,
        4.0,
        1.0
      ],
      "name": "Lamp.003"
    },
    {
      "name": "Lamp.003"
    },
    {
      "children": [
        11,
        21,
        20
      ],
      "name": "rig"
    },
    {
      "children": [
        12
      ],
      "name": "rig_rootJoint"
    },
    {
      "children": [
        13
      ],
      "name": "b__ROOT___rig",
      "rotation": [
        0.7071068286895752,
        0.0,
        0.0,
        0.7071068286895752
      ],
      "scale": [
        1.0,
        1.0,
        1.0
      ],
      "translation": [
        0.0,
        0.0,
        -0.0010000000474974513
      ]
    },
    {
      "children": [
        14
      ],
      "name": "transformBone_rig",
      "rotation": [
        0.0,
        0.0,
        0.0,
        1.0
      ],
      "scale": [
        1.0,
        1.0,
        1.0
      ],
      "translation": [
        0.0,
        0.0,
        0.0
      ]
    },
    {
      "children": [
        15,
        16,
        17
      ],
      "name": "_bind_base_rig",
      "rotation": [
        0.0,
        0.0,
        0.0,
        1.0
      ],
      "scale": [
        1.0,
        1.0,
        1.0
      ],
      "translation": [
        0.0,
        0.25,
        0.0
      ]
    },
    {
      "name": "_FX__rig",
      "rotation": [
        0.0,
        0.0,
        0.0,
        1.0
      ],
      "scale": [
        1.0,
        1.0,
        1.0
      ],
      "translation": [
        0.0,
        0.0,
        0.0
      ]
    },
    {
      "name": "_FX_plumbob__rig",
      "rotation": [
        0.0,
        0.0,
        0.0,
        1.0
      ],
      "scale": [
        1.0,
        1.0,
        1.0
      ],
      "translation": [
        0.0,
        1.0,
        0.0
      ]
    },
    {
      "children": [
        18
      ],
      "name": "_noBind_positionLid_rig",
      "rotation": [
        0.0,
        0.0,
        0.0,
        1.0
      ],
      "scale": [
        1.0,
        1.0,
        1.0
      ],
      "translation": [
        0.0,
        -0.25,
        -0.5
      ]
    },
    {
      "children": [
        19
      ],
      "name": "_bind_lid_rig",
      "rotation": [
        0.0,
        0.0,
        0.0,
        1.0
      ],
      "scale": [
        1.0,
        1.0,
        1.0
      ],
      "translation": [
        0.0,
        0.42350998520851135,
        0.0
      ]
    },
    {
      "name": "_IKTarget__rig",
      "rotation": [
        0.0,
        0.0,
        0.0,
        1.0
      ],
      "scale": [
        1.0,
        1.0,
        1.0
      ],
      "translation": [
        -0.24382999539375305,
        0.0,
        1.0
      ]
    },
    {
      "name": "s4studio_mesh_0"
    },
    {
      "mesh": 0,
      "name": "s4studio_mesh_0_0",
      "skin": 0
    }
  ],
  "samplers": [
    {
      "magFilter": 9729,
      "minFilter": 9987,
      "wrapS": 10497,
      "wrapT": 10497
    }
  ],
  "scene": 0,
  "scenes": [
    {
      "name": "Sketchfab_Scene",
      "nodes": [
        0
      ]
    }
  ],
  "skins": [
    {
      "inverseBindMatrices": 4,
      "joints": [
        11,
        12,
        13,
        14,
        15,
        16,
        17,
        18,
        19
      ],
      "skeleton": 11
    }
  ],
  "textures": [
    {
      "sampler": 0,
      "source": 0
    }
  ]
}
